-0.00100001
0.00100001
4.00189
3.14259
0.00100001
-2.93056
2.41083
0.00979008
0.470604
14.7423
3.13513
-0.339501
-10.7295
8.95751
0.0586601
1.5242
27.3615
3.10003
-1.10436
-19.8249
16.9902
0.172718
3.0781
34.7546
3.01714
-2.25114
-26.0065
23.7895
0.363952
4.61125
26.5315
2.87393
-3.51724
-24.5972
26.7193
0.611398
5.3266
2.04234
2.6727
-4.49231
-14.3658
22.948
0.867572
4.96037
-16.7317
2.43594
-4.93797
-3.42076
14.6056
1.09104
4.0184
-20.907
2.18818
-4.93247
3.68106
6.23646
1.2668
3.05199
-17.7094
1.94746
-4.65616
7.41131
-0.0164324
1.39909
2.27973
-13.1408
1.72387
-4.24748
8.97562
-4.10584
1.49803
1.71788
-9.29326
1.52186
-3.79284
9.25022
-6.5787
1.57303
1.32193
-6.50484
1.34249
-3.34219
8.81572
-7.94052
1.63115
1.04289
-4.6169
1.18489
-2.92187
8.03694
-8.54759
1.67726
0.841559
-3.3962
1.04724
-2.54384
7.12438
-8.6393
1.71454
0.689644
-2.64041
0.927349
-2.2119
6.1934
-8.38183
1.74498
0.567863
-2.19082
0.822918
-1.92534
5.30887
-7.89717
1.76977
0.463928
-1.92656
0.731762
-1.68088
4.50957
-7.27863
1.78964
0.370781
-1.75932
0.651898
-1.4737
3.81763
-6.59752
1.80504
0.285047
-1.63007
0.5816
-1.29823
3.24113
-5.9063
1.8163
0.205662
-1.5053
0.519424
-1.14881
2.77563
-5.24091
1.82376
0.132739
-1.37161
0.464198
-1.02024
2.40716
-4.62357
1.82775
0.0667162
-1.22931
0.414988
-0.908153
2.11633
-4.06596
1.82861
0.00783345
-1.086
0.371054
-0.809181
1.88254
-3.57228
1.82671
-0.0441002
-0.951341
0.331801
-0.720934
1.68734
-3.14176
1.82236
-0.0897192
-0.833419
0.296733
-0.64179
1.5184
-2.77059
1.81587
-0.129968
-0.736549
0.265469
-0.568763
1.3627
-2.45321
1.80747
-0.165917
-0.661384
0.237669
-0.50325
1.2178
-2.18333
1.79736
-0.198617
-0.606611
0.212968
-0.444777
1.0811
-1.95451
1.78567
-0.229016
-0.569357
0.191025
-0.392955
0.951789
-1.76054
1.7725
-0.257904
-0.546178
0.171516
-0.347414
0.829847
-1.59577
1.7579
-0.285902
-0.533747
0.154136
-0.307782
0.71543
-1.45521
1.74192
-0.313477
-0.529237
0.138599
-0.273684
0.608508
-1.33455
1.72456
-0.34097
-0.530471
0.124638
-0.244753
0.50872
-1.23018
1.70582
-0.36863
-0.535927
0.112003
-0.220651
0.415357
-1.13906
1.6857
-0.395982
-0.518146
0.102482
-0.200217
0.362004
-1.0586
1.66424
-0.422496
-0.502446
0.0939181
-0.182322
0.313799
-0.986853
1.64147
-0.448252
-0.487763
0.0861923
-0.16671
0.270679
-0.922156
1.61743
-0.473279
-0.473353
0.0791963
-0.153132
0.232427
-0.863171
1.59216
-0.497581
-0.458714
0.0728341
-0.141353
0.198732
-0.808812
1.56569
-0.521137
-0.443522
0.0670214
-0.131154
0.169227
-0.758201
1.53807
-0.543915
-0.427584
0.0616842
-0.122336
0.143521
-0.710628
1.50932
-0.565874
-0.410798
0.0567579
-0.114717
0.121225
-0.66552
1.4795
-0.586972
-0.393127
0.0521865
-0.108137
0.101962
-0.622411
1.44865
-0.607165
-0.374576
0.0479218
-0.102454
0.0853792
-0.580924
1.41681
-0.626409
-0.355178
0.0439219
-0.0975406
0.0711502
-0.540755
1.38403
-0.644663
-0.334982
0.0401512
-0.0932873
0.058981
-0.501657
1.35037
-0.661889
-0.314047
0.0365791
-0.0895976
0.0486089
-0.46343
1.31587
-0.678051
-0.292431
0.0331795
-0.0863873
0.0398031
-0.42591
1.28059
-0.693116
-0.270194
0.0299302
-0.0835831
0.0323636
-0.388967
1.24458
-0.707056
-0.247388
0.0268126
-0.081121
0.0261201
-0.352494
1.20791
-0.719842
-0.224062
0.023811
-0.0789447
0.0209308
-0.316403
1.17063
-0.73145
-0.200251
0.0209123
-0.0770044
0.016681
-0.280626
1.1328
-0.741856
-0.175985
0.0181058
-0.0752553
0.0132824
-0.245105
1.09447
-0.751037
-0.151279
0.015383
-0.0736564
0.0106723
-0.209794
1.05572
-0.758973
-0.126137
0.0127374
-0.0721693
0.00881331
-0.174656
1.01661
-0.76564
-0.10055
0.0101643
-0.0707566
0.00769419
-0.139663
0.977192
-0.771016
-0.0744916
0.00766084
-0.0693809
0.00733036
-0.10479
0.93754
-0.775076
-0.04792
0.00522624
-0.0680035
0.0077658
-0.0700203
0.897718
-0.777794
-0.0207728
0.0028616
-0.0665825
0.00907563
-0.0353388
0.857796
-0.779088
0.00901672
0.000568998
-0.0651219
0.00934666
-0.00073887
0.817895
-0.776936
0.0370314
-0.00169879
-0.06559
0.0119301
0.0337932
0.778137
-0.773395
0.0646312
-0.00398705
-0.0659409
0.0140333
0.0682576
0.73859
-0.768481
0.0919215
-0.00629045
-0.0661952
0.0157977
0.102657
0.699323
-0.762208
0.118991
-0.00860448
-0.0663666
0.0173453
0.13699
0.660403
-0.754586
0.145914
-0.0109252
-0.0664634
0.0187842
0.171253
0.621898
-0.745619
0.172757
-0.013249
-0.0664885
0.0202124
0.205439
0.583875
-0.735311
0.199576
-0.0155722
-0.0664401
0.0217209
0.239538
0.546401
-0.72366
0.226423
-0.017891
-0.0663122
0.0233963
0.273535
0.509542
-0.710666
0.253343
-0.0202012
-0.0660943
0.0253226
0.30741
0.473368
-0.696323
0.280375
-0.0224978
-0.0657716
0.0275836
0.341139
0.437944
-0.680625
0.307557
-0.0247752
-0.0653254
0.0302639
0.37469
0.403339
-0.663563
0.334918
-0.0270267
-0.0647326
0.0334502
0.408023
0.369622
-0.645128
0.362485
-0.0292441
-0.0639656
0.0372318
0.441089
0.336861
-0.625309
0.390278
-0.031418
-0.0629922
0.0417011
0.473825
0.305126
-0.604094
0.418307
-0.0335372
-0.0617759
0.0469533
0.506156
0.274487
-0.581472
0.446572
-0.0355885
-0.0602749
0.0530857
0.537987
0.245014
-0.557432
0.475059
-0.0375564
-0.0584429
0.0601963
0.569203
0.216779
-0.531962
0.503732
-0.0394232
-0.0562285
0.0683811
0.599661
0.189854
-0.505055
0.53253
-0.0411683
-0.0535757
0.0777306
0.629186
0.16431
-0.476708
0.561357
-0.0427683
-0.0504243
0.0883241
0.657563
0.140219
-0.446923
0.590067
-0.0441966
-0.0467107
0.100223
0.684531
0.117653
-0.41571
0.618453
-0.0454236
-0.0423686
0.113459
0.709765
0.096683
-0.383093
0.646227
-0.0464161
-0.0373316
0.128023
0.732872
0.0773779
-0.349112
0.672989
-0.0471378
-0.0315349
0.143842
0.753367
0.0598043
-0.313832
0.698201
-0.0475491
-0.0249199
0.16076
0.770658
0.0440247
-0.277349
0.721136
-0.0476081
-0.0174384
0.178498
0.784022
0.030096
-0.2398
0.740829
-0.0472705
-0.00906055
0.196618
0.792572
0.0180665
-0.201379
0.755998
-0.0464916
0.000216324
0.214457
0.795224
0.00797316
-0.162355
0.764958
-0.0452274
0.0103543
0.231061
0.790656
-0.000163078
-0.123094
0.7655
-0.043437
0.0212577
0.245077
0.777252
-0.00634262
-0.0840876
0.754746
-0.0410868
0.0327504
0.254632
0.753042
-0.0105947
-0.045995
0.72896
-0.0381544
0.0445453
0.257164
0.715624
-0.0129868
-0.00968795
0.68332
-0.0346357
0.0562046
0.249208
0.662078
-0.0136368
0.0236858
0.611631
-0.0305534
0.0670878
0.226123
0.588854
-0.0127291
0.0526258
0.505969
-0.025969
0.0762844
0.181741
0.49164
-0.0105339
0.0751813
0.356248
-0.0209988
0.0825259
0.107918
0.365202
-0.00743365
0.088829
0.149659
-0.0158338
0.0840729
-0.00603791
0.203178
-0.00395495
0.0903192
-0.130049
-0.0107677
0.0785693
-0.174105
-0.00217889
-0.000809995
0.0754795
-0.503541
-0.00623214
0.0628538
-0.414516
-0.260337
0.001051
0.0389607
-0.99721
-0.0028429
0.0327154
-0.751019
-0.582919
0.00100001
-0.00100001
-0.641221
-0.00100001
0.00100001
-0.477595
-0.380963
